18429424
104794
6399759
34771886
2893370
14429094
64099
958114
14256098
21660239
1282520
23870896
18499384
13530132
-12
16640884
28019839
189
7355381
15048349
-5469030
98022
11388341
15399184
18317974
14214
12017378
3403577
14426122
26735175
12933
409080
4586486
13436653
24988742
661297
259136
23754035
-8697
7657044
2948110
17661673
1683
34856051
38953587
28004680
337
23897410
12237202
8550661
22293005
35088341
2463766
388339
5399643
12080971
9801313
25699833
41439525
325
-1027
185
10343695
15634513
20119945
10940604
13263411
2894369
11779430
4609143
58364
17026515
1788
22610337
14820693
16462238
6649879
15941658
6349181
24787437
8516124
3354
1698785
8819
2862785
18017161
78082
27884926
37259
18146256
31315746
5866544
-630023
21944354
-102
59857
7551887
8214203
3157026
22241803
122
10871200
4490516
2191536
-63
25615042
17975958
36169
3567206
13163538
18096529
36867344
12979289
20641977
19564031
17971649
812
5788560
4935581
3617
67398
22084885
12678759
3142
-562
4195
12263598
8675381
36404472
14819506
24362596
15913817
-1466559
18554750
5629718
8543000
8105012
5448024
23557773
9943650
25437604
25611170
13796195
24929003
11713648
-46693
2997038
22477
314980
24214937
89360
237
-24361
270697
24241987
46
235
2222
3285
-9784
18738083
24334
8816675
7505803
63537
28183
126965
13691984
29871664
18893532
576255
339782
1556956
20683294
-635426
19022140
7026781
1619823
-34939
248
21041575
2253173
18408100
41975
25076
777581
1410127
23737
3018571
6417688
20382190
16863751
17517628
91
20893400
5072384
18606
20714384
12374854
11253276

18429424
104794
6399759
34771886
2893370
14429094
64099
958114
14256098
21660239
1282520
23870896
18499384
13530132
-12
16640884
28019839
189
7355381
15048349
-5469030
98022
11388341
15399184
18317974
14214
12017378
3403577
14426122
26735175
12933
409080
4586486
13436653
24988742
661297
259136
23754035
-8697
7657044
2948110
17661673
1683
34856051
38953587
28004680
337
23897410
12237202
8550661
22293005
35088341
2463766
388339
5399643
12080971
9801313
25699833
41439525
325
-1027
185
10343695
15634513
20119945
10940604
13263411
2894369
11779430
4609143
58364
17026515
1788
22610337
14820693
16462238
6649879
15941658
6349181
24787437
8516124
3354
1698785
8819
2862785
18017161
78082
27884926
37259
18146256
31315746
5866544
-630023
21944354
-102
59857
7551887
8214203
3157026
22241803
122
10871200
4490516
2191536
-63
25615042
17975958
36169
3567206
13163538
18096529
36867344
12979289
20641977
19564031
17971649
812
5788560
4935581
3617
67398
22084885
12678759
3142
-562
4195
12263598
8675381
36404472
14819506
24362596
15913817
-1466559
18554747
5629718
8543000
8105012
5448024
23557773
9943650
25437604
25611170
13796195
24929003
11713648
-46693
2997038
22477
314980
24214937
89360
237
-24361
270697
24241987
46
235
2222
3285
-9784
18738083
24334
8816675
7505803
63537
28183
126965
13691984
29871664
18893532
576255
339782
1556956
20683294
-635426
19022140
7026781
1619823
-34939
248
21041575
2253173
18408100
41975
25076
777581
1410127
23737
3018571
6417688
20382190
16863751
17517628
91
20893400
5072384
18606
20714384
12374854
11253276
